image_width: 1920
image_height: 1280
camera_name: tier4_c1_72
camera_matrix:
  rows: 3
  cols: 3
  data: [1417.396341, 0, 971.814618, 0, 1461.808872, 632.6503290000001, 0, 0, 1]
distortion_model: plumb_bob
distortion_coefficients:
  rows: 1
  cols: 5
  data: [0.015769, 0.004116, -0.004367999999999999, -8.7e-05, 0]
rectification_matrix:
  rows: 3
  cols: 3
  data: [1, 0, 0, 0, 1, 0, 0, 0, 1]
projection_matrix:
  rows: 3
  cols: 4
  data: [1438.889893, 0, 971.42291, 0, 0, 1478.999023, 626.285256, 0, 0, 0, 1, 0]
