%YAML:1.0
image_width: 1920
image_height: 1280
# distortion_parameters:
k1: 0.015769
k2: 0.004116
p1: -0.004368
p2: -0.000087
k3: 0.0
# projection_parameters:
fx: 1417.396341
fy: 1461.808872
cx: 971.814618
cy: 632.650329