%YAML:1.0
image_width: 1920
image_height: 1280
# distortion_parameters:
k1: 0.014455
k2: -0.001207
p1: -0.003741
p2: -0.003155
k3: 0.0
# projection_parameters:
fx: 1413.827001
fy: 1457.320123
cx: 959.023025
cy: 631.096347